version https://git-lfs.github.com/spec/v1
oid sha256:08d5665907ae85113eba27cb791d23229ad0c6f7cd50525bd05e483819e99024
size 3088464
